1379661944646416207
10744906735338782951
10470623036147596005
1984153430796533760
10615475230796159612
1379661944646414743
10875125336859799621
10662531262795861512
10302329063598811829
10775187987829920573
10467347397100059306
10925652268724836161
1983448100580102144
10967157185427162326
10758616352933390728
10157448911713319766
1379661944646416285
1379661944646414817
1379661944646413967
10354969479543878958
10837003737988217390
10757641737513254487
10629502474160684100
10980658052928335504
10498435933076918697
1983865325623443456
10637744846524759760
10738908677305811565
10865349947122674119
10362363919933863873
1379661944646225238
10947113757820990962
1379661944646414280
1379661944646167607
10163463667478777848
1379661944646255178
1379661944646414634
10430625769908154245
10732272960853787309
